965659666564673566
965111132316635177
965655846338048174
965846782326222858
964982299760394240
965130838691950672
965111505668415550
965790395042766889
965113604066140201
965111284741845004
965111309135904868
965847318282772500
965130839140757524
965142967373410334
964910879105761292
965130904496390164
965112639778865192
965112747056590859
965113962876268654
964903831047655525
967728507193020416
965113851488116766
965638046479417394
965114010448060496
966942890624446484
964800897559449610
965111792579801118
965112798252245112
965112677070417941
968380639705448469
923580886925082665
965114099686060042
923580887386423328
