965803809253253121
912596798303006802
825617171589759006
965902111755866132
797116201595568138
939021633664991263
536991182035746816
961612119260938252
876515901938221127
926369020620464170
893416687100112896
491282563558539295
958340766168645662
923170227808776202
915903929810845726
963973437427175434
861615015580270602
937926474344841306
935186883170930739
789797049746980895
642321896611905536
784769547982077964
895268028361633793
774644227039952916
831050651906998303
768545285894569994
951482284807188511
795948969288794133
930320419314090025
928224010272145408
775936438902587392
924687889110036531
432610292342587392
722106507235295323
824532575937626142
781377103089500201
935391364118634516
830290013471506512
838487130778238978
891246345552281620
753153861694521374
495524263969947661
906092943847354429
953334234595065917
928868450263244860
928625684186820608
651095740390834176
852788900380147733
926487719293632552
920233876599738428
926682157613735986
852954538025025536
956514420207521852
878892818863644693
852959600499359775
749291697380524052
924169436070567937
955079407909871657
957710122854010922
823765577507274802
913479865108402257
922125134691700777
646937666251915264
922447281297449011
852834394808516630
950272973032525824
814931758902411264
850442954845454414
960573169738080327
959020964891488287
964903726508830720
922933905923907624
869081366283821087
863681409573847100
903266459784982539
362266240380698635
858612913815027722
697797014691381321
905445987701649460
330547740880797697
950353255509135431
722714559210717215
