923580886925082664
967812985336786954
966332254458630234
965988599361335318
965984330419675178
965982251680686195
965982226800054436
965928616967950356
965954850233942056
965897525766795304
965808641280213035
965654413010174005
965641610983505948
965577321341919265
965133549965553685
965131579284414487
923581481568309310
965114496513372200
965114411964575774
965650182115033188
965956793358512169
964802955146559509
965956918864642098
965650800850399243
965955028500238336
965955703233728592
965955369048342549
965954454505549844
965954303355400192
965953936936804384
965954600819646495
965954108446101526
965953733324316702
966374377996304384
966332282262667295
965130817464586270
966194081116078090
965114334751629332
965115420250107924
965130708744015935
964791262702108693
